0         0
1         0
2         0
3         0
4         0
5         0
6         0
7         0
8         0
9         1
10        1
11        0
12        0
13        1
14        0
15        0
16        0
17        0
18        0
19        0
20        0
21        0
22        0
23        0
24        0
25        0
26        0
27        0
28        0
29        0
30        0
31        0
32        1
33    !   7
34    "   5
35    #   6
36    $   2
37    %   2
38    &   7
39    '   2
40    (   6
41    )   6
42    *   7
43    +   7
44    ,   6
45    -   7
46    .   4
47    /   7
48    0   3
49    1   3
50    2   3
51    3   3
52    4   3
53    5   3
54    6   3
55    7   3
56    8   3
57    9   3
58    :   2
59    ;   6
60    <   7
61    =   7
62    >   7
63    ?   7
64    @   2
65    A   4
66    B   4
67    C   4
68    D   4
69    E   4
70    F   4
71    G   4
72    H   4
73    I   4
74    J   4
75    K   4
76    L   4
77    M   4
78    N   4
79    O   4
80    P   4
81    Q   4
82    R   4
83    S   4
84    T   4
85    U   4
86    V   4
87    W   4
88    X   4
89    Y   4
90    Z   4
91    [   6
92    \   2
93    ]   6
94    ^   7
95    _   4
96    `   2
97    a   4
98    b   4
99    c   4
100   d   4
101   e   4
102   f   4
103   g   4
104   h   4
105   i   4
106   j   4
107   k   4
108   l   4
109   m   4
110   n   4
111   o   4
112   p   4
113   q   4
114   r   4
115   s   4
116   t   4
117   u   4
118   v   4
119   w   4
120   x   4
121   y   4
122   z   4
123   {   6
124   |   7
125   }   6
126   ~   7
127       0
128       0
129       0
130       0
131       0
132       0
133       0
134       0
135       0
136       0
137       0
138       0
139       0
140       0
141       0
142       0
143       0
144       0
145       0
146       0
147       0
148       0
149       0
150       0
151       0
152       0
153       0
154       0
155       0
156       0
157       0
158       0
159       0
160       0
161       0
162       0
163       0
164       0
165       0
166       0
167       0
168       0
169       0
170       0
171       0
172       0
173       0
174       0
175       0
176       0
177       0
178       0
179       0
180       0
181       0
182       0
183       0
184       0
185       0
186       0
187       0
188       0
189       0
190       0
191       0
192       0
193       0
194       0
195       0
196       0
197       0
198       0
199       0
200       0
201       0
202       0
203       0
204       0
205       0
206       0
207       0
208       0
209       0
210       0
211       0
212       0
213       0
214       0
215       0
216       0
217       0
218       0
219       0
220       0
221       0
222       0
223       0
224       0
225       0
226       0
227       0
228       0
229       0
230       0
231       0
232       0
233       0
234       0
235       0
236       0
237       0
238       0
239       0
240       0
241       0
242       0
243       0
244       0
245       0
246       0
247       0
248       0
249       0
250       0
251       0
252       0
253       0
254       0
255       0
